109479236105054356443083590998456542770247990211041178395207273936897561831639 27972663979373135832933264867245307338048170062187415390798417213879312620569 23568508699570858293469286654702964761790454308867406353293944970610676316172
82427355785978023722450592572113909596419813135553979168633822483931405347841 57187453263583558274552558253625210289996711981430724575619931614910934037506 4513124773096275672392905500886905966622685004487935999175470249449727930029
100039340459269632097439625843821496029696549364361333745026402735295173964743 42909666989721832656052568395214777913805513981560164695865730959251183046737 24136968282158388745806642209569965759212858106280024126635484989679457984242
84500777536214482415570841280725146871295650671178755508832008200165166302910 76580179472134474056821878967303397714607513256418830468321837334090306439518 115642805691561228462251950335773015162643254621885613594320657112154494971059
30570409388692409638126418163875380402933154816277414494179217737462707124521 51592260907185102380259737092565024121691283076377232272466137812539906373531 102945239212191632797177849142242744300066235934278801275585543411497344833801
60617540002686806886563077410259432255513859667909701176969240032782493122981 76879863786057451136346093255718482548475850444868942690077725253272752551645 72127538431356085684509718729661952379670447731774364384616052545456009861991
5333910387101859097437622348569819611422439909685546291387495128248301414739 85994811018102217669219277804158129719711455414008910892098756318961179446240 19535253542745855625339211236309483097885101126184883646500060576739236269519
34386538020967955191761702784054770436639449983666972597937672780372289377358 62012640698647854228354948405783906219383947070323533010156802882936359770329 114396652708051735068975649197879534167126106327500294567497714341494891910137
26345160225354009928726697037026500200308170751973909422891134874370125738208 85883632276972631680690502238017123315554354536160080312226264924659491991156 103535981755235446560351408424261518427286273933419224917830265252446612382110
90794931962554014554076318615318880422337773495656423138792010757668983767564 70776858890148553044399937319422601115707449516484154267564378058450569168496 60316323414410699950090984058421964660980676565744863912609955632856485397060
